2012010100
2012010112
2012010200
2012010212
2012010300
2012010312
2012010400
2012010412
2012010500
2012010512
2012010600
2012010612
2012010700
2012010712
2012010800
2012010812
2012010900
2012010912
2012011000
2012011012
2012011100
2012011112
2012011200
2012011212
2012011300
2012011312
2012011400
2012011412
2012011500
2012011512
2012011600
2012011612
2012011700
2012011712
2012011800
2012011812
2012011900
2012011912
2012012000
2012012012
2012012100
2012012112
2012012200
2012012212
2012012300
2012012312
2012012400
2012012412
2012012500
2012012512
2012012600
2012012612
2012012700
2012012712
2012012800
2012012812
2012012900
2012012912
2012013000
2012013012
2012013100
2012013112
2012020100
2012020112
2012020200
2012020212
2012020300
2012020312
2012020400
2012020412
2012020500
2012020512
2012020600
2012020612
2012020700
2012020712
2012020800
2012020812
2012020900
2012020912
2012021000
2012021012
2012021100
2012021112
2012021200
2012021212
2012021300
2012021312
2012021400
2012021412
2012021500
2012021512
2012021600
2012021612
2012021700
2012021712
2012021800
2012021812
2012021900
2012021912
2012022000
2012022012
2012022100
2012022112
2012022200
2012022212
2012022300
2012022312
2012022400
2012022412
2012022500
2012022512
2012022600
2012022612
2012022700
2012022712
2012022800
2012022812
2012022900
2012022912
2012030100
2012030112
2012030200
2012030212
2012030300
2012030312
2012030400
2012030412
2012030500
2012030512
2012030600
2012030612
2012030700
2012030712
2012030800
2012030812
2012030900
2012030912
2012031000
2012031012
2012031100
2012031112
2012031200
2012031212
2012031300
2012031312
2012031400
2012031412
2012031500
2012031512
2012031600
2012031612
2012031700
2012031712
2012031800
2012031812
2012031900
2012031912
2012032000
2012032012
2012032100
2012032112
2012032200
2012032212
2012032300
2012032312
2012032400
2012032412
2012032500
2012032512
2012032600
2012032612
2012032700
2012032712
2012032800
2012032812
2012032900
2012032912
2012033000
2012033012
2012033100
2012033112
