2012070100
2012070112
2012070200
2012070212
2012070300
2012070312
2012070400
2012070412
2012070500
2012070512
2012070600
2012070612
2012070700
2012070712
2012070800
2012070812
2012070900
2012070912
2012071000
2012071012
2012071100
2012071112
2012071200
2012071212
2012071300
2012071312
2012071400
2012071412
2012071500
2012071512
2012071600
2012071612
2012071700
2012071712
2012071800
2012071812
2012071900
2012071912
2012072000
2012072012
2012072100
2012072112
2012072200
2012072212
2012072300
2012072312
2012072400
2012072412
2012072500
2012072512
2012072600
2012072612
2012072700
2012072712
2012072800
2012072812
2012072900
2012072912
2012073000
2012073012
2012073100
2012073112
2012080100
2012080112
2012080200
2012080212
2012080300
2012080312
2012080400
2012080412
2012080500
2012080512
2012080600
2012080612
2012080700
2012080712
2012080800
2012080812
2012080900
2012080912
2012081000
2012081012
2012081100
2012081112
2012081200
2012081212
2012081300
2012081312
2012081400
2012081412
2012081500
2012081512
2012081600
2012081612
2012081700
2012081712
2012081800
2012081812
2012081900
2012081912
2012082000
2012082012
2012082100
2012082112
2012082200
2012082212
2012082300
2012082312
2012082400
2012082412
2012082500
2012082512
2012082600
2012082612
2012082700
2012082712
2012082800
2012082812
2012082900
2012082912
2012083000
2012083012
2012083100
2012083112
2012090100
2012090112
2012090200
2012090212
2012090300
2012090312
2012090400
2012090412
2012090500
2012090512
2012090600
2012090612
2012090700
2012090712
2012090800
2012090812
2012090900
2012090912
2012091000
2012091012
2012091100
2012091112
2012091200
2012091212
2012091300
2012091312
2012091400
2012091412
2012091500
2012091512
2012091600
2012091612
2012091700
2012091712
2012091800
2012091812
2012091900
2012091912
2012092000
2012092012
2012092100
2012092112
2012092200
2012092212
2012092300
2012092312
2012092400
2012092412
2012092500
2012092512
2012092600
2012092612
2012092700
2012092712
2012092800
2012092812
2012092900
2012092912
2012093000
2012093012
