2012100100
2012100112
2012100200
2012100212
2012100300
2012100312
2012100400
2012100412
2012100500
2012100512
2012100600
2012100612
2012100700
2012100712
2012100800
2012100812
2012100900
2012100912
2012101000
2012101012
2012101100
2012101112
2012101200
2012101212
2012101300
2012101312
2012101400
2012101412
2012101500
2012101512
2012101600
2012101612
2012101700
2012101712
2012101800
2012101812
2012101900
2012101912
2012102000
2012102012
2012102100
2012102112
2012102200
2012102212
2012102300
2012102312
2012102400
2012102412
2012102500
2012102512
2012102600
2012102612
2012102700
2012102712
2012102800
2012102812
2012102900
2012102912
2012103000
2012103012
2012103100
2012103112
2012110100
2012110112
2012110200
2012110212
2012110300
2012110312
2012110400
2012110412
2012110500
2012110512
2012110600
2012110612
2012110700
2012110712
2012110800
2012110812
2012110900
2012110912
2012111000
2012111012
2012111100
2012111112
2012111200
2012111212
2012111300
2012111312
2012111400
2012111412
2012111500
2012111512
2012111600
2012111612
2012111700
2012111712
2012111800
2012111812
2012111900
2012111912
2012112000
2012112012
2012112100
2012112112
2012112200
2012112212
2012112300
2012112312
2012112400
2012112412
2012112500
2012112512
2012112600
2012112612
2012112700
2012112712
2012112800
2012112812
2012112900
2012112912
2012113000
2012113012
