2012120100
2012120112
2012120200
2012120212
2012120300
2012120312
2012120400
2012120412
2012120500
2012120512
2012120600
2012120612
2012120700
2012120712
2012120800
2012120812
2012120900
2012120912
2012121000
2012121012
2012121100
2012121112
2012121200
2012121212
2012121300
2012121312
2012121400
2012121412
2012121500
2012121512
2012121600
2012121612
2012121700
2012121712
2012121800
2012121812
2012121900
2012121912
2012122000
2012122012
2012122100
2012122112
2012122200
2012122212
2012122300
2012122312
2012122400
2012122412
2012122500
2012122512
2012122600
2012122612
2012122700
2012122712
2012122800
2012122812
2012122900
2012122912
2012123000
2012123012
2012123100
2012123112
