2012040100
2012040112
2012040200
2012040212
2012040300
2012040312
2012040400
2012040412
2012040500
2012040512
2012040600
2012040612
2012040700
2012040712
2012040800
2012040812
2012040900
2012040912
2012041000
2012041012
2012041100
2012041112
2012041200
2012041212
2012041300
2012041312
2012041400
2012041412
2012041500
2012041512
2012041600
2012041612
2012041700
2012041712
2012041800
2012041812
2012041900
2012041912
2012042000
2012042012
2012042100
2012042112
2012042200
2012042212
2012042300
2012042312
2012042400
2012042412
2012042500
2012042512
2012042600
2012042612
2012042700
2012042712
2012042800
2012042812
2012042900
2012042912
2012043000
2012043012
2012050100
2012050112
2012050200
2012050212
2012050300
2012050312
2012050400
2012050412
2012050500
2012050512
2012050600
2012050612
2012050700
2012050712
2012050800
2012050812
2012050900
2012050912
2012051000
2012051012
2012051100
2012051112
2012051200
2012051212
2012051300
2012051312
2012051400
2012051412
2012051500
2012051512
2012051600
2012051612
2012051700
2012051712
2012051800
2012051812
2012051900
2012051912
2012052000
2012052012
2012052100
2012052112
2012052200
2012052212
2012052300
2012052312
2012052400
2012052412
2012052500
2012052512
2012052600
2012052612
2012052700
2012052712
2012052800
2012052812
2012052900
2012052912
2012053000
2012053012
2012053100
2012053112
2012060100
2012060112
2012060200
2012060212
2012060300
2012060312
2012060400
2012060412
2012060500
2012060512
2012060600
2012060612
2012060700
2012060712
2012060800
2012060812
2012060900
2012060912
2012061000
2012061012
2012061100
2012061112
2012061200
2012061212
2012061300
2012061312
2012061400
2012061412
2012061500
2012061512
2012061600
2012061612
2012061700
2012061712
2012061800
2012061812
2012061900
2012061912
2012062000
2012062012
2012062100
2012062112
2012062200
2012062212
